500
1 2 3 4 5 6 7 8 9 10 11 12 13 14 15 16 17 18 19 20 21 22 23 24 25 26 27 28 29 30 31 32 33 34 35 36 37 38 39 40 41 42 43 44 45 46 47 48 49 50 51 52 53 54 55 56 57 58 59 60 61 62 63 64 65 66 67 68 69 70 71 72 73 74 75 76 77 78 79 80 81 82 83 84 85 86 87 88 89 90 91 92 93 94 95 96 97 98 99 100 101 102 103 104 105 106 107 108 109 110 111 112 113 114 115 116 117 118 119 120 121 122 123 124 125 126 127 128 129 130 131 132 133 134 135 136 137 138 139 140 141 142 143 144 145 146 147 148 149 150 151 152 153 154 155 156 157 158 159 160 161 162 163 164 165 166 167 168 169 170 171 172 173 174 175 176 177 178 179 180 181 182 183 184 185 186 187 188 189 190 191 192 193 194 195 196 197 198 199 200 201 202 203 204 205 206 207 208 209 210 211 212 213 214 215 216 217 218 219 220 221 222 223 224 225 226 227 228 229 230 231 232 233 234 235 236 237 238 239 240 241 242 243 244 245 246 247 248 249 250 251 252 253 254 255 256 257 258 259 260 261 262 263 264 265 266 267 268 269 270 271 272 273 274 275 276 277 278 279 280 281 282 283 284 285 286 287 288 289 290 291 292 293 294 295 296 297 298 299 300 301 302 303 304 305 306 307 308 309 310 311 312 313 314 315 316 317 318 319 320 321 322 323 324 325 326 327 328 329 330 331 332 333 334 335 336 337 338 339 340 341 342 343 344 345 346 347 348 349 350 351 352 353 354 355 356 357 358 359 360 361 362 363 364 365 366 367 368 369 370 371 372 373 374 375 376 377 378 379 380 381 382 383 384 385 386 387 388 389 390 391 392 393 394 395 396 397 398 399 400 401 402 403 404 405 406 407 408 409 410 411 412 413 414 415 416 417 418 419 420 421 422 423 424 425 426 427 428 429 430 431 432 433 434 435 436 437 438 439 440 441 442 443 444 445 446 447 448 449 450 451 452 453 454 455 456 457 458 459 460 461 462 463 464 465 466 467 468 469 470 471 472 473 474 475 476 477 478 479 480 481 482 483 484 485 486 487 488 489 490 491 492 493 494 495 496 497 498 499 500 

1000 
1 124 38
1 141 46
1 337 50
1 438 100
2 198 71
2 246 22
2 346 94
2 495 22
3 219 26
3 275 35
3 284 98
4 290 23
4 413 81
4 466 55
5 422 16
5 423 39
6 186 18
6 203 97
6 264 50
6 285 63
6 385 13
6 424 10
7 356 25
7 403 80
8 335 42
9 41 88
9 73 39
9 115 12
9 116 46
9 135 93
9 299 99
9 323 39
10 127 60
10 401 84
10 480 92
11 53 4
11 106 98
11 295 99
11 319 18
11 421 39
12 128 36
12 135 71
12 155 1
12 161 47
12 270 9
13 117 75
13 197 76
13 211 96
13 268 42
13 390 33
14 255 5
14 285 74
14 305 68
14 368 63
15 115 75
15 250 12
15 425 30
16 39 78
16 116 39
16 351 56
16 388 34
17 341 3
17 374 97
17 378 75
17 397 53
17 433 48
18 117 68
18 176 57
18 189 95
19 36 98
19 81 41
19 101 95
19 236 46
19 329 100
19 403 78
20 81 69
20 90 100
20 155 56
20 381 15
20 406 15
21 205 37
21 246 31
21 484 35
23 281 94
24 277 85
24 422 65
25 93 41
25 170 68
26 224 61
26 265 23
26 296 75
26 307 20
27 95 50
27 143 4
27 212 49
27 308 16
28 36 84
28 130 54
28 367 92
29 304 60
29 361 20
29 375 68
29 394 75
30 322 17
30 366 85
31 205 14
31 217 95
32 166 84
32 294 49
32 308 13
32 312 72
33 134 4
33 162 87
33 208 91
33 238 68
34 377 29
35 104 16
36 57 62
36 186 44
37 78 38
37 201 64
38 46 66
38 284 47
38 302 4
38 337 43
38 374 66
38 438 6
38 471 77
39 69 16
39 99 59
39 254 84
39 354 38
39 483 91
40 277 75
41 122 44
41 395 28
41 458 76
41 493 3
42 384 27
42 420 39
42 492 29
43 154 64
44 132 26
44 157 85
44 197 72
45 61 26
45 71 62
45 103 45
45 144 14
45 488 44
46 92 83
46 156 74
46 184 8
47 297 34
47 366 1
47 367 64
48 67 45
48 248 84
48 340 29
49 190 93
49 382 53
50 60 35
50 143 70
50 150 37
50 292 57
50 326 72
50 404 86
51 250 74
51 283 7
51 428 23
52 147 66
52 273 82
52 314 9
52 337 95
52 445 2
52 449 51
53 95 24
53 266 7
53 318 98
53 373 73
54 197 65
54 207 37
54 389 83
54 491 68
55 331 98
55 422 65
55 495 52
56 179 54
56 221 16
56 242 77
56 310 44
56 340 22
56 380 54
57 81 88
57 196 95
57 232 26
57 274 44
57 278 60
57 311 32
57 459 78
58 70 72
58 76 85
58 223 41
58 224 14
59 338 70
60 102 71
60 146 95
60 153 90
60 233 17
60 436 97
61 194 40
61 294 42
61 299 96
61 344 19
61 354 84
62 69 15
62 86 85
62 94 44
62 153 17
62 173 85
62 195 50
62 306 13
64 170 69
64 184 76
64 187 10
64 214 61
64 231 40
64 428 18
64 432 7
64 469 43
65 211 90
65 328 63
65 343 28
65 385 35
66 117 53
66 399 85
66 497 92
67 328 32
68 174 63
68 298 67
68 422 62
69 148 37
69 334 25
70 210 56
70 238 100
70 395 14
70 484 83
71 154 65
71 171 75
72 144 85
72 159 43
72 251 58
72 314 23
73 178 100
73 233 71
73 338 55
74 244 72
74 284 35
74 376 77
75 86 81
75 205 72
75 382 50
75 473 11
76 401 88
76 473 32
77 269 30
78 212 71
78 339 10
78 419 58
78 485 22
79 115 67
79 165 14
79 188 75
79 299 56
79 318 4
79 344 64
80 370 74
81 116 99
81 119 55
81 207 42
82 122 18
82 222 84
82 247 98
82 261 38
83 207 24
83 471 78
84 120 15
84 200 48
84 279 65
85 106 43
85 123 15
85 216 9
85 301 54
86 120 70
86 281 59
86 301 3
86 351 58
86 393 15
86 454 30
87 99 66
87 209 80
87 232 45
87 355 19
87 373 99
88 156 76
88 192 58
88 380 66
88 446 84
89 264 36
89 298 40
89 352 88
89 399 94
89 443 59
90 212 14
90 231 4
90 402 92
90 435 2
91 223 47
91 477 44
92 237 55
92 392 49
92 394 66
93 294 97
93 378 76
94 117 69
94 198 86
95 356 56
95 414 27
96 177 22
96 302 99
96 350 35
96 384 72
96 391 41
96 403 61
97 192 83
97 222 76
97 226 80
97 227 23
97 238 89
97 298 96
97 323 55
98 118 78
100 119 87
100 143 84
100 260 99
101 119 38
101 255 56
101 289 29
102 365 79
102 380 78
102 394 42
102 450 18
103 185 36
103 263 56
103 351 21
104 138 91
104 188 48
104 245 67
104 427 38
104 497 41
105 209 46
105 286 97
105 287 44
105 344 50
105 499 70
106 290 33
106 418 68
108 137 20
108 358 10
109 226 52
109 235 95
109 302 59
109 443 54
110 490 96
111 115 48
111 140 40
111 225 39
111 318 3
111 447 32
111 478 62
112 237 36
112 316 52
112 322 64
113 458 25
114 315 60
115 138 36
115 153 54
115 271 85
115 448 91
116 370 59
117 128 49
117 145 90
117 149 69
117 206 20
117 382 33
117 458 80
118 225 14
118 233 22
118 312 38
118 319 80
118 332 62
119 156 81
119 267 82
119 271 97
119 308 80
119 314 81
119 318 48
119 458 2
120 135 30
120 151 25
120 417 38
121 410 38
121 427 85
121 430 42
121 449 52
121 450 60
121 467 80
121 470 99
122 149 53
122 218 69
122 230 44
122 265 48
122 440 52
123 213 9
123 249 12
123 275 36
123 280 87
123 306 38
123 362 27
123 440 72
124 328 7
124 483 67
125 151 23
125 230 47
125 278 16
125 365 15
126 271 19
127 285 92
128 239 12
128 401 36
129 224 54
129 381 18
129 431 56
129 483 82
130 315 17
130 362 6
130 452 70
130 458 79
131 210 18
131 220 5
131 280 59
131 439 76
132 304 45
132 451 14
133 311 78
133 366 48
133 440 42
133 491 13
134 436 71
134 453 13
135 136 69
135 414 66
135 428 95
135 429 20
135 458 42
135 479 38
136 206 31
136 211 64
136 428 97
137 147 2
137 379 34
137 456 21
137 476 62
137 478 2
138 207 42
138 220 85
138 285 67
138 376 99
138 404 33
139 265 76
139 297 30
140 209 80
140 242 13
140 307 48
141 466 50
142 246 99
142 283 67
142 336 99
144 153 8
144 216 24
144 477 30
144 494 39
145 189 11
145 259 62
146 160 100
146 257 38
146 280 47
146 350 25
146 429 75
147 156 47
147 307 40
147 457 62
148 295 55
148 313 24
149 150 76
149 185 12
149 345 10
149 392 12
149 488 62
150 162 56
150 256 53
150 295 31
150 318 11
150 418 9
150 448 34
151 425 74
152 224 88
152 276 49
152 401 93
152 469 99
154 160 99
154 450 91
155 236 83
155 439 45
156 224 72
156 407 72
156 443 48
156 459 75
156 465 82
156 483 64
156 484 71
156 488 19
157 167 33
157 188 91
159 188 87
159 228 64
159 352 18
160 346 63
161 170 34
161 259 34
161 451 55
162 426 94
163 338 99
163 423 26
163 493 19
164 317 26
164 380 30
164 485 26
165 191 31
165 284 69
165 340 51
166 229 53
166 312 41
166 442 9
166 446 62
167 238 6
167 366 61
167 382 52
167 418 92
167 429 16
168 280 39
168 339 35
168 351 77
168 352 34
169 196 19
169 232 22
169 262 53
170 350 1
172 266 55
172 445 68
172 493 19
173 198 59
173 246 16
173 424 74
174 191 5
174 217 48
174 329 36
175 290 13
175 307 14
175 471 50
176 307 8
177 261 94
178 236 35
178 430 29
180 303 60
180 332 61
180 333 62
180 348 81
181 198 77
181 428 57
182 388 7
182 398 56
183 358 10
183 409 18
184 322 4
184 353 29
185 364 21
185 381 63
186 264 90
186 301 21
186 354 50
186 455 30
186 458 5
188 330 42
189 266 88
189 384 77
190 211 31
190 247 86
190 460 37
191 258 18
191 268 74
191 300 89
191 427 90
191 495 27
192 208 53
193 202 52
193 234 76
193 370 22
193 440 8
195 199 91
195 481 1
196 268 67
196 336 31
196 353 21
196 364 31
196 374 99
198 437 38
198 469 74
198 490 77
199 346 57
199 418 88
200 470 26
201 425 47
202 275 76
203 470 98
204 211 98
205 209 35
205 377 49
206 262 89
206 348 31
206 366 31
206 382 82
207 408 28
207 422 59
208 254 89
208 296 16
208 321 89
208 461 47
208 487 42
209 274 58
210 215 75
210 391 35
210 438 69
210 496 91
211 224 13
211 399 66
212 339 76
212 402 22
212 430 16
212 466 18
213 234 47
214 219 84
214 280 55
214 381 1
214 433 48
215 233 10
215 334 35
215 409 52
216 227 42
216 309 4
217 283 88
218 234 62
218 329 5
218 462 21
218 466 41
218 472 25
219 384 65
219 454 60
220 269 85
220 373 94
221 297 5
221 464 94
222 469 53
223 368 34
223 456 74
224 236 57
224 281 59
224 419 59
224 438 70
225 371 89
225 440 68
226 234 73
226 435 95
226 438 14
226 460 38
226 463 32
227 307 92
227 403 53
227 431 4
227 435 21
228 296 66
229 459 85
229 462 13
230 272 84
230 331 69
231 263 81
232 285 16
232 493 86
233 234 3
233 321 14
233 444 97
235 257 25
235 284 25
235 373 50
235 374 87
235 466 5
236 292 77
236 354 4
236 386 90
236 436 64
237 242 78
237 334 38
237 366 5
239 276 23
239 338 58
239 428 52
239 459 66
240 313 39
241 399 37
242 272 64
242 305 94
242 423 11
242 456 59
243 416 73
244 332 59
244 404 45
246 471 93
247 436 20
247 458 46
247 472 57
248 323 72
248 398 85
249 299 89
249 336 97
249 403 7
249 456 24
250 358 49
250 489 94
251 309 58
251 358 32
251 451 81
252 380 8
253 401 77
254 346 37
254 374 57
254 431 28
254 440 36
254 478 25
254 499 89
255 327 69
255 368 57
255 430 54
256 309 61
256 328 81
257 488 5
258 312 86
259 392 84
260 306 63
260 411 34
260 463 57
261 348 25
261 363 56
261 411 14
261 470 67
262 318 89
263 451 62
263 471 48
263 475 42
264 276 75
264 393 7
265 292 77
265 360 68
265 381 96
266 331 95
266 353 5
266 395 100
266 447 61
268 337 53
268 378 31
268 395 89
268 407 46
268 483 69
269 290 39
269 319 22
269 331 77
269 383 90
269 403 69
271 294 15
271 331 27
271 403 35
273 398 5
274 315 100
274 335 2
274 362 28
274 382 15
274 407 26
275 355 53
276 294 18
276 342 75
276 357 31
276 421 91
277 354 30
277 369 68
277 439 58
277 459 21
278 282 30
278 342 67
278 401 95
278 493 72
280 342 94
280 399 96
281 494 5
282 436 22
282 437 27
284 299 87
284 456 66
285 311 74
285 340 24
285 341 39
285 373 30
285 402 38
285 470 20
285 500 85
286 322 3
288 324 41
288 415 63
288 465 95
289 424 87
290 296 52
291 391 8
292 438 77
293 361 11
293 415 33
294 350 66
295 320 5
296 395 44
297 445 57
298 404 30
298 496 82
299 302 17
299 411 33
299 435 31
300 387 66
300 475 91
301 317 71
301 394 36
301 423 24
302 386 45
305 359 81
305 371 97
305 478 59
307 388 15
308 323 77
308 337 65
309 434 93
310 463 72
311 360 5
311 434 14
313 493 24
316 467 40
317 403 47
318 438 67
318 482 35
319 491 12
320 323 14
320 379 98
321 405 80
321 413 41
323 408 16
324 387 58
325 464 23
325 487 29
326 385 55
326 438 49
328 415 51
329 398 16
331 343 75
331 377 42
331 431 60
331 441 29
334 468 54
334 476 73
334 486 87
335 396 38
335 498 20
336 428 29
336 431 11
337 351 37
338 356 79
338 363 4
338 485 67
338 489 49
340 423 43
340 449 32
341 439 97
342 438 22
343 466 85
344 473 67
346 402 71
346 433 83
346 448 5
347 355 14
348 361 57
348 426 40
348 459 3
349 478 56
350 369 96
351 401 94
351 456 17
352 386 8
352 458 78
353 387 86
355 429 83
356 386 71
356 429 6
357 379 28
358 492 80
359 421 63
359 496 48
360 455 37
361 399 26
361 427 66
362 373 28
362 395 60
363 458 38
365 447 30
365 455 80
366 393 20
366 492 50
367 418 50
368 438 3
369 396 74
369 401 19
371 404 3
373 413 68
374 381 92
375 407 12
375 436 73
378 417 44
378 491 90
380 391 88
385 445 85
385 464 29
387 417 29
391 392 67
393 410 31
393 422 26
394 448 48
398 485 22
399 416 96
399 488 24
400 480 1
402 426 31
405 431 33
405 491 92
406 415 70
409 446 10
409 479 56
410 412 2
410 444 52
412 455 19
413 491 31
414 442 3
415 434 11
417 423 89
417 445 10
417 472 14
418 471 61
422 488 7
423 435 33
423 484 67
424 430 31
424 461 71
427 447 56
428 433 40
428 496 87
430 431 68
433 494 58
436 500 89
440 444 59
440 448 43
445 491 18
453 463 37
456 481 65
456 496 21
457 469 5
461 468 36
468 482 24
470 495 66
481 486 54