30
1 2 3 4 5 6 7 8 9 10 11 12 13 14 15 16 17 18 19 20 21 22 23 24 25 26 27 28 29 30
60
1 2 7
1 19 10
1 24 -6
2 3 -1
2 8 1
3 1 2
3 4 2
4 5 -2
5 6 -9
5 11 -4
5 17 1
6 7 -3
6 17 5
6 24 4
7 8 1
8 3 -4
8 9 7
8 13 -1
9 10 2
9 24 -7
10 11 2
10 28 5
11 12 2
12 13 2
13 5 -2
13 11 9
13 14 -7
13 26 -6
14 2 -5
14 6 -9
14 15 4
14 22 5
15 16 -7
16 14 -2
16 17 4
16 30 -1
17 18 -4
18 19 5
18 27 2
19 2 -7
19 20 5
19 22 -7
20 21 -9
21 22 1
22 23 -6
23 7 -9
23 14 -3
23 24 -9
24 13 1
24 25 1
25 26 -10
26 27 -5
27 8 -4
27 28 -7
28 23 2
28 29 -6
29 2 -7
29 21 1
29 30 8
30 1 9