50
1 2 3 4 5 6 7 8 9 10 11 12 13 14 15 16 17 18 19 20 21 22 23 24 25 26 27 28 29 30 31 32 33 34 35 36 37 38 39 40 41 42 43 44 45 46 47 48 49 50
100
1 18 -8
1 33 -5
2 3 -2
3 11 -5
3 40 -9
4 14 7
4 15 -1
4 28 4
4 45 3
4 46 7
5 20 -1
5 28 2
5 30 -8
5 49 -8
6 10 7
6 39 6
6 48 -6
6 49 -8
7 24 3
7 26 -9
7 28 6
7 49 -1
8 25 -10
8 34 -1
8 39 8
8 43 7
9 18 3
9 22 9
9 24 3
9 28 5
10 22 2
10 24 2
11 24 6
11 26 -6
11 29 -1
11 45 -9
12 28 4
13 17 1
13 25 -4
13 33 -6
13 35 -4
13 39 -5
14 16 -5
14 25 -8
15 30 10
15 31 -10
15 33 3
16 46 2
16 48 7
17 18 10
17 20 -4
17 34 -6
17 35 1
17 40 -10
17 42 -3
18 20 9
18 37 -9
19 24 -4
20 44 -5
20 49 -5
21 36 3
22 41 -3
22 43 -7
23 43 -6
24 25 3
24 33 -6
24 44 -10
24 48 -1
25 36 10
25 41 3
26 30 -3
26 39 4
26 40 1
27 30 -5
28 38 8
28 47 -2
29 38 4
29 39 -9
29 47 2
30 34 4
30 38 4
30 39 9
30 45 8
31 36 -5
31 39 8
31 50 4
32 48 -9
34 42 2
35 43 9
36 44 -9
37 39 6
37 49 5
38 44 -5
38 47 -8
39 46 8
40 45 -10
40 47 3
40 50 5
42 48 -8
45 49 3