20
1 2 3 4 5 6 7 8 9 10 11 12 13 14 15 16 17 18 19 20 
1 2 9
1 7 10
1 9 10
1 13 10
1 17 3
1 20 6
2 3 9
2 1 9
2 13 1
2 16 4
3 4 3
3 16 10
3 17 1
3 2 9
4 5 2
4 9 7
4 3 3
4 18 2
5 6 9
5 4 2
5 7 7
5 18 5
6 5 10
6 7 1
7 5 7
7 8 6
7 1 10
7 6 1
8 9 3
8 7 6
9 10 9
9 12 6
9 1 10
9 4 7
9 8 3
9 17 9
10 11 3
10 9 9
11 12 5
11 10 3
12 13 3
12 20 8
12 9 6
12 11 5
13 1 4
13 2 1
13 14 6
13 12 3
13 19 2
14 15 2
14 13 6
15 16 5
15 14 2
16 2 4
16 17 9
16 3 10
16 15 5
17 1 3
17 3 1
17 9 9
17 18 8
17 20 6
17 16 9
18 4 2
18 5 5
18 19 6
18 17 8
19 13 2
19 20 8
19 18 6
20 1 6
20 12 8
20 17 6
20 19 8

PATH:
3 4 5 7 6 
