30
1 2 3 4 5 6 7 8 9 10 11 12 13 14 15 16 17 18 19 20 21 22 23 24 25 26 27 28 29 30
60
1 26 1
1 28 9
2 15 9
2 17 3
2 19 2
2 22 7
3 18 7
4 8 7
4 9 2
4 11 8
4 15 7
4 17 7
4 24 3
4 27 3
4 30 7
5 9 6
5 17 8
5 24 3
6 14 2
6 23 7
7 11 2
7 17 3
7 21 8
8 10 3
8 14 9
9 12 2
9 15 1
9 19 6
9 20 2
9 21 1
9 27 4
10 20 2
10 25 4
11 17 1
11 18 3
11 22 9
11 24 7
12 20 8
12 21 9
13 18 8
13 19 9
13 22 4
13 23 3
13 28 2
13 30 8
14 17 5
14 20 10
14 28 9
14 29 2
15 28 7
16 29 7
19 27 7
21 27 10
22 25 3
23 25 6
23 26 3
23 27 9
23 28 2
28 29 1
29 30 9