50
1 2 3 4 5 6 7 8 9 10 11 12 13 14 15 16 17 18 19 20 21 22 23 24 25 26 27 28 29 30 31 32 33 34 35 36 37 38 39 40 41 42 43 44 45 46 47 48 49 50
100
1 44 8
2 21 2
2 25 1
3 22 1
3 24 6
3 29 8
3 35 6
3 49 3
4 28 4
4 50 7
5 12 3
5 29 5
5 31 7
5 38 5
6 17 2
6 26 1
6 38 2
6 48 3
7 14 2
7 22 10
7 36 7
8 42 3
8 43 8
9 14 1
9 30 7
9 31 1
9 39 2
9 42 8
10 11 6
10 17 9
10 38 10
11 31 9
12 16 2
12 34 9
12 41 10
12 49 7
13 14 8
13 19 9
13 24 6
13 32 4
13 33 9
13 39 10
13 50 7
14 18 1
14 25 2
14 34 8
14 41 7
15 17 6
15 24 2
15 43 8
16 18 1
16 29 4
16 40 1
16 42 7
16 49 8
17 21 2
17 29 2
17 45 6
18 19 5
18 47 7
20 28 6
20 40 4
20 44 4
21 27 10
21 33 3
21 46 9
21 50 7
22 35 3
23 29 1
23 31 3
23 41 7
24 39 7
24 43 4
24 49 3
25 35 4
25 50 5
26 31 8
27 46 10
27 47 2
28 31 5
28 49 5
29 37 2
29 40 5
30 33 4
30 41 4
31 41 6
32 40 3
33 38 10
33 47 7
34 39 3
35 46 2
36 49 9
36 50 2
38 48 3
38 49 10
38 50 4
42 48 8
43 50 8
44 46 3
45 49 3